00026784114
00028512103
00038250195
00060757116
00064741109
00105144495
00114287325
00119700140
00130959197
00133082113
00161878148
00168340119
00182062392
00190912146
00193308126
00201226162
00288577124
00304155608
00314203117
00363321195
00372298770
00493616357
00540734136
00540785121
00564953111
00575846135
00578646161
00587261102
00610134124
00617785163
00618153144
00644054190
00683636138
00685288170
00704236109
00724450173
00741226146
00760823189
00762996439
00778210170
00786205113
00819152765
00824798104
00878125175
00910330199
00979047161
00995987106
00997701722
01007330180
01018691189
01023182122
01091471118
01106941128
01117809188
01120351162
01169635148
01236092163
01249122147
01363679171
01364241129
01403331421
01422114198
01434236190
01553777107
01579136273
01599913151
01630562181
01698200170
01720019193
01762815175
01763923193
01790256194
01790792126
01802415165
01807157121
01810485150
01834182123
01873708181
01884909493
01896102123
01989370160
02099855188
02115704193
02142804110
02153617170
02179190140
02212350350
02219648192
02251952675
02298427127
02303142105
02308159103
02315922135
02315962196
02321292580
02321802375
02356986103
02371587109
02379038147
02393952128
02398345181
02426847344
02545368164
02616486164
02702039154
02784354164
02858542325
02896081127
02970799138
02976155640
02998595170
02999274157
03005818314
03129279164
03172176150
03199255108
03220270123
03247793135
03286774189
03351325614
03385537118
03390257195
03427184102
03479515380
03559849110
03572612160
03584234140
03622643170
03625899175
03671346167
03681253943
03696047171
03713800146
03718734109
03725082197
03755129183
03868002600
03927568384
03946745105
04003155130
04041200245
04051648150
04073527673
04081284105
04087859185
04144255611
04174628327
04175096183
04227164133
04227199190
04243944130
04301257128
04312812110
04316612190
04430637105
04504884119
04513485167
04725046140
04725317608
04743936152
04753740102
04878543140
04884692101
04917848130
04947703253
04958955127
04978713609
04991015103
05011286118
05098894174
05148821159
05154300130
05192120101
05201975348
05204091408
05218297127
05266412151
05271597199
05293874179
05306618103
05367679129
05389136063
05389142039
05405847119
05422504119
05434867106
05486175116
05495099176
05502021106
05547452165
05651281169
05728460100
05801344152
05817117185
05829812126
05834904173
05843729141
05856152174
05858628184
05899264110
05909836102
05909850199
05912337111
05914546109
05922396161
05953665113
05959735156
05962617134
05966081107
05977409176
05983895125
05993502100
05996669196
05996680165
06015810165
06028296155
06154279108
06170673176
06229647125
06261820180
06292078108
06308893170
06308912140
06311424444
06320956100
06321340111
06331500103
06357139181
06386961196
06404934167
06412093125
06419013720
06433648118
06455826116
06470864171
06476721442
06478121348
06495438150
06534630222
06630039548
06657770197
06686046116
06698870137
06769455110
06792339113
06806847196
06855649165
06855662188
06855680160
06855690122
06883089616
06887646145
06962791186
06987579121
06998914180
07022958173
07025663140
07072878122
07093840175
07122139107
07131966100
07142992190
07143681130
07189551107
07193770136
07196430158
07204851188
07224837164
07256845189
07271939105
07348170172
07354893196
07369351181
07370057186
07370424197
07371685105
07380149156
07412751123
07415888111
07430551106
07432059101
07434827190
07434833165
07443614195
07450965143
07469995188
07476398173
07476405137
07479312164
07479319177
07481303142
07482679138
07491354173
07491717152
07500037155
07506134160
07515679140
07530057197
07537357170
07541428175
07562490155
07570797175
07574564132
07582185161
07614601106
07619472215
07630245114
07640316197
07656744169
07661360195
07665842160
07698625192
07701068112
07704842129
07718425118
07721863163
07723875169
07743796183
07750365109
07755024130
07757033110
07784914121
07792049132
07820923148
07849668189
07877906137
07879828141
07880192107
07892065105
07895927116
07914933180
07924158170
07932112125
07944259762
07954324109
07959402116
07960132178
07971894163
07977291193
07977570157
07978225186
07978512169
07991018180
08000916126
08002988108
08005202113
08007133119
08009971154
08012359367
08037678113
08040819130
08047970135
08060790102
08084201867
08084301144
08096133284
08100716145
08104536141
08110511104
08123316135
08128142151
08147966130
08156342186
08183618162
08227622186
08227625100
08229038147
08243524169
08257055174
08264179142
08283912119
08293253100
08316771128
08321246133
08337094109
08338459186
08343983114
08344243122
08347040133
08351145114
08357850170
08367974182
08374166126
08385110151
08390284154
08409096161
08416823138
08420679143
08430609130
08438273190
08450686105
08461885112
08467576138
08477982163
08478491120
08500667192
08508673124
08510777144
08524144122
08532029159
08534577196
08553885100
08562586102
08565224147
08570538170
08578085167
08578138112
08579778140
08583815160
08584108167
08588161133
08590747140
08603269181
08611031733
08632687140
08642920157
08649733140
08671653161
08675160119
08677713131
08677726110
08679545155
08681191136
08687667124
08695353150
08695384110
08695396126
08698128157
08703496198
08715907198
08720633130
08721725110
08729015138
08731873189
08743332102
08759341106
08759360160
08761551155
08773492159
08783925139
08799692104
08819077159
08830973114
08844598108
08853826177
08866256102
08870592103
08873512127
08899237107
08902413179
08902438163
08914747140
08953764157
08980119658
09001733190
09006469181
09016420100
09021932105
09044959140
09053394605
09065153438
09079065161
09083169170
09087616298
09095894100
09102224100
09104864174
09107730179
09112699160
09149028146
09169205183
09170823111
09185943169
09185994154
09200108148
09204143118
09204541199
09227171177
09240522107
09247621100
09249476167
09282803147
09285384196
09287020140
09290468114
09297530117
09304444187
09310108100
09342066194
09353714192
09363741109
09367823150
09371191139
09377950112
09377960185
09380297114
09386918137
09387281132
09391393594
09407136167
09417195107
09425076146
09428415146
09431324105
09439753102
09440288108
09445219163
09452552174
09458410102
09466200160
09478675117
09493472132
09500793164
09509105183
09509285188
09517055129
09530064179
09544000119
09553542182
09563285123
09565057160
09571421103
09584532170
09589631185
09590459102
09592689105
09608746159
09612687196
09615410160
09620626184
09620804112
09627789151
09632641175
09633764114
09642745151
09647195176
09698880151
09701561112
09706614109
09716199139
09722162125
09723399148
09745617113
09759448190
09764655157
09773230139
09773404145
09781798114
09782389153
09807734150
09818210140
09845145116
09859214123
09873425179
09892731131
09914729185
09916424144
09919825174
09921523139
09921855131
09927282150
09933162128
09943151129
09943985143
09960573150
09961504127
09965097127
09991795197
09994716380
10005558107
10019221150
10025174193
10031408150
10037252100
10049008137
10049026119
10066397138
10071337164
10071693114
10072224177
10098465155
10113737181
10127461107
10165836130
10171641183
10187378126
10192882139
10193116146
10197629180
10198797184
10203467108
10230212425
10232961107
10237701138
10244414157
10246563141
10254766110
10279010184
10280327145
10292249195
10327450100
10330922175
10346685109
10356470105
10368943127
10375896104
10379344157
10456673156
10504633155
10509398324
10510054188
10512037167
10515480126
10518115119
10518609111
10533000343
10560034130
10579159124
10579247171
10588714127
10605422184
10619447192
10619652101
10620722193
10637409167
10637411145
10639484107
10679279130
10680426132
10692530142
10693675160
10699698189
10711083100
10731160185
10741886162
10751207136
10753851130
10764665162
10767016122
10767022106
10769465188
10776589156
10785575197
10797215174
10800404122
10805072136
10809272121
10812294114
10813745195
10825137179
10825187192
10829249117
10847304647
10854407153
10881459143
10899282113
10905013158
10905019199
10909792151
10911369120
10911385169
10926442104
10929335147
10933775180
10960052127
10968672140
10981383173
10983305102
11000336107
11010664158
11038855101
11074155190
11101450126
11131984196
11186441747
11194409121
11194535186
11194610145
11208249150
11208249150
11222724138
11249253179
11285431170
11299874185
11325379166
11341421104
11390544141
11400180945
11407327143
11409422127
11434943186
11441282181
11509844147
11525046144
11574666134
11618026496
11674668104
11680633880
11970744146
12102261115
12433647185
12478098970
12560382105
12696455104
12735471101
12747144780
12852666136
13222545677
13394106728
13656607613
13781665402
13781681432
13886884686
14196697453
14365731149
15372200120
15419892448
15433756424
15640653671
16064925000
16136043432
16615926784
16962433603
16984001609
17177987568
17574817707
17916011115
18306462149
18347525153
18399479187
18499625703
18588131153
18596428100
18656404172
20276575504
21153728168
21434743187
21665850353
22282720784
22567020144
22648313168
23082458831
23908378168
23920114191
23966653168
24226379810
24886203191
24976733172
25822896120
25893190106
25902709253
25915100163
25922840100
26497506787
26647761187
26673341120
26859742100
28171942172
28332148715
29268125153
29468078353
29501416844
29675057149
29682746191
29707960159
29727804187
29728088191
29764998100
30401607453
30525497153
30530393115
30870712187
31004679149
31353827100
31730477100
32972210115
33482314187
33738661700
34238719387
34326537191
34553142791
35194197187
35838477172
35932619104
36184918087
36502498500
36894664153
37311069149
37982290159
38596768149
38632179187
38737210592
38981076120
39242080187
39257061191
39841510120
41082443215
42644623391
46156666168
46236120153
46287299134
47386266120
47777591134
48041467172
48158372368
48190942387
48297054187
48297402134
49036386187
49495143187
49808206115
49946935520
49965344604
50492705100
51262487072
51582716153
52381900187
52896382453
53006353838
53706935104
53954319187
53968158172
54423546515
55000398572
55257755149
55263160178
55292119172
55345786100
55523178829
56154763115
56181092303
56181149848
56358245104
56398930100
56415793861
56425139153
56467001168
56490488191
57792224368
57830577897
58060237888
58426531172
59539084822
60528106376
60656921153
60657642134
60677279191
60836678362
61966495153
61976865115
62016105100
62355015104
63489007115
63585804187
63603152549
64594335187
65488547649
65818679187
65913531191
66585228120
66586810159
66668794149
66998603134
68848102115
68896344115
69072183134
69211345120
69231486187
69279098187
69694699234
69800243100
69854483134
69885354115
70020264100
70125171153
70127123172
70193673134
70311030106
70311356133
70384894100
70416450105
70471159190
70612641104
70817243100
70832390100
71051331129
71370024126
71464953104
71500679135
71500680141
71525688120
71641785187
71689220171
71770054120
71780874120
72125950120
72135425168
72166320104
72208171187
72296992153
72342340125
72450398104
72526793149
72651822191
72668067120
72718633115
72875011120
73054771172
73271853134
73281565115
73504963115
73835170163
74654527168
74809822168
75020548391
75965208120
76682684134
76891461120
77285506753
77568923134
77573889100
77829824134
78209862120
78365961172
78366224104
78423767191
78560667172
78747490144
78987075168
78997275100
79039138168
79280218115
79462545120
79743722734
80230164153
80408141115
81033010197
81070675172
81198108134
81366248791
81643543172
81741243300
81828462268
81830114115
82120820163
82421439191
82524637115
82666130100
82803609649
82889481115
83128565104
83221530153
83228713172
83316744134
83379096172
83765220191
84026219100
84078430163
84334061591
84460660172
84464240100
84523514100
84564741187
85750115100
85839604100
85921661104
85984469120
86549820120
86597531191
87199360100
87224500763
87314924104
87483327120
87591995120
87613271153
88014525191
88277682115
88761053791
89294742172
89661982104
90039106187
90502124172
91174104104
91301564168
91622590678
92345085134
92388515149
92430406187
92553567553
92645887104
92831494168
93006349172
93629419100
94356920287
95475567115
95818782115
97117340100
97850683153
97886432134
97994634168
98287141168
98461745191
98479296100
98575660144
98830988120
99403480106
99403854120
99471361834
99503220149
99619954149
lista_arquivos
nomes
